seed = 4

[data]
normalization = 'quantile'
path = 'data/covtype'

[model]
activation = 'reglu'
attention_dropout = 0.2236463489842206
d_ffn_factor = 1.333333333333333
d_token = 408
ffn_dropout = 0.1958801897867545
initialization = 'kaiming'
n_heads = 8
n_layers = 2
prenormalization = true
residual_dropout = 0.0
f = 1

[training]
batch_size = 500
eval_batch_size = 500
lr = 3.004675901344428e-05
n_epochs = 1000000000
optimizer = 'adamw'
patience = 16
weight_decay = 1.04114991661767e-05
