seed = 3

[data]
normalization = 'standard'
path = 'data/aloi'

[model]
activation = 'reglu'
attention_dropout = 0.04885005087162143
d_ffn_factor = 1.333333333333333
d_token = 472
ffn_dropout = 0.2189685118935158
initialization = 'kaiming'
n_heads = 8
n_layers = 3
prenormalization = true
residual_dropout = 0.0
f = 2

[training]
batch_size = 500
eval_batch_size = 500
lr = 4.448115909648076e-05
n_epochs = 1000000000
optimizer = 'adamw'
patience = 16
weight_decay = 2.379384886280054e-05
